-------------------------
run test

thread: 0


thread: 2


thread: 1


subchunk: offset 0, size_lines 2


subchunk: offset 1024, size_lines 2


subchunk: offset 512, size_lines 2


chunk line read: 3.835915e-03 9.119928e+02 3.097778e-03 3.313361e+01 7.619404e-03

chunk line read: 8.127293e+00 2.231672e+01 3.846160e-03 1.681731e-01 5.090333e+02

chunk line read: 3.267618e-02 1.643332e+01 3.252714e-01 5.411628e-01 4.373466e-03

chunk line read: 3.924403e-03 6.899752e-03 6.298465e+00 9.636068e+01 1.204787e-02

chunk line read: 6.642741e-01 1.029128e+01 1.287661e+01 4.820329e-01 2.915097e-03

chunk line read: 1.811544e+02 8.194344e+01 6.617470e+00 5.088499e-03 2.582988e+01







floats read: 10
3.835915e-03 9.119928e+02 3.097778e-03 3.313361e+01 7.619404e-03
6.642741e-01 1.029128e+01 1.287661e+01 4.820329e-01 2.915097e-03


floats read: 10
3.267618e-02 1.643332e+01 3.252714e-01 5.411628e-01 4.373466e-03
1.811544e+02 8.194344e+01 6.617470e+00 5.088499e-03 2.582988e+01


floats read: 10
8.127293e+00 2.231672e+01 3.846160e-03 1.681731e-01 5.090333e+02
3.924403e-03 6.899752e-03 6.298465e+00 9.636068e+01 1.204787e-02


thread 1: write offset: 10


thread 0: write offset: 0


thread 2: write offset: 20





thread: 2


thread: 0


thread: 1


subchunk: offset 1024, size_lines 2


subchunk: offset 0, size_lines 2


subchunk: offset 512, size_lines 2


chunk line read: 4.744304e+00 1.451626e+01 9.884526e+00 4.869323e+00 1.155277e+01

chunk line read: 1.014477e-02 1.596934e-01 1.139246e-01 9.679427e+01 1.287466e-03

chunk line read: 2.255975e+02 3.934291e+00 4.371512e+01 9.389749e+02 1.068752e+01

chunk line read: 2.909246e+02 4.630600e-02 3.884705e-03 8.270984e-02 1.247382e-01

chunk line read: 4.302530e-01 6.956054e-02 6.436195e-02 1.294139e+00 4.064663e-01



chunk line read: 7.655255e-03 8.956400e+00 1.111476e-03 1.889590e-02 1.177082e-01





floats read: 10
4.744304e+00 1.451626e+01 9.884526e+00 4.869323e+00 1.155277e+01
2.909246e+02 4.630600e-02 3.884705e-03 8.270984e-02 1.247382e-01


floats read: 10
2.255975e+02 3.934291e+00 4.371512e+01 9.389749e+02 1.068752e+01
7.655255e-03 8.956400e+00 1.111476e-03 1.889590e-02 1.177082e-01


floats read: 10
1.014477e-02 1.596934e-01 1.139246e-01 9.679427e+01 1.287466e-03
4.302530e-01 6.956054e-02 6.436195e-02 1.294139e+00 4.064663e-01


thread 2: write offset: 20


thread 0: write offset: 0


thread 1: write offset: 10





thread: 0


thread: 1


thread: 2


subchunk: offset 0, size_lines 2


subchunk: offset 1024, size_lines 2


subchunk: offset 512, size_lines 2


chunk line read: 
chunk line read: 2.680943e+00 2.205157e-03 1.676864e+02 5.230805e+00 1.951069e+01

chunk line read: 2.617648e+00 3.672331e+01 1.377019e+01 1.991189e-02 7.084127e-01

chunk line read: 


chunk line read: 7.203352e+01 6.053259e+01 6.176124e-01 4.801809e-03 1.437850e+00



chunk line read: 1.684111e+01 1.982992e-03 4.083021e+02 1.623807e+01 1.892871e+01



floats read: 10
2.617648e+00 3.672331e+01 1.377019e+01 1.991189e-02 7.084127e-01
7.203352e+01 6.053259e+01 6.176124e-01 4.801809e-03 1.437850e+00


floats read: 0


floats read: 10
2.680943e+00 2.205157e-03 1.676864e+02 5.230805e+00 1.951069e+01
1.684111e+01 1.982992e-03 4.083021e+02 1.623807e+01 1.892871e+01


thread 2: write offset: 20


thread 0: write offset: 0


thread 1: write offset: 10





total floats read: 80
3.835915e-03 9.119928e+02 3.097778e-03 3.313361e+01 7.619404e-03
6.642741e-01 1.029128e+01 1.287661e+01 4.820329e-01 2.915097e-03
3.267618e-02 1.643332e+01 3.252714e-01 5.411628e-01 4.373466e-03
1.811544e+02 8.194344e+01 6.617470e+00 5.088499e-03 2.582988e+01
8.127293e+00 2.231672e+01 3.846160e-03 1.681731e-01 5.090333e+02
3.924403e-03 6.899752e-03 6.298465e+00 9.636068e+01 1.204787e-02
1.014477e-02 1.596934e-01 1.139246e-01 9.679427e+01 1.287466e-03
4.302530e-01 6.956054e-02 6.436195e-02 1.294139e+00 4.064663e-01
2.255975e+02 3.934291e+00 4.371512e+01 9.389749e+02 1.068752e+01
7.655255e-03 8.956400e+00 1.111476e-03 1.889590e-02 1.177082e-01
4.744304e+00 1.451626e+01 9.884526e+00 4.869323e+00 1.155277e+01
2.909246e+02 4.630600e-02 3.884705e-03 8.270984e-02 1.247382e-01
2.617648e+00 3.672331e+01 1.377019e+01 1.991189e-02 7.084127e-01
7.203352e+01 6.053259e+01 6.176124e-01 4.801809e-03 1.437850e+00
2.680943e+00 2.205157e-03 1.676864e+02 5.230805e+00 1.951069e+01
1.684111e+01 1.982992e-03 4.083021e+02 1.623807e+01 1.892871e+01


read time: 0.010206 ms
parse time: 10.038105 ms
total time: 27.466581 ms
-------------------------
run test

thread: 0


thread: 1


thread: 2


subchunk: offset 0, size_lines 2


subchunk: offset 512, size_lines 2


subchunk: offset 1024, size_lines 2


chunk line read: 3.835915e-03 9.119928e+02 3.097778e-03 3.313361e+01 7.619404e-03

chunk line read: 3.267618e-02 1.643332e+01 3.252714e-01 5.411628e-01 4.373466e-03

chunk line read: 8.127293e+00 2.231672e+01 3.846160e-03 1.681731e-01 5.090333e+02

chunk line read: 6.642741e-01 1.029128e+01 1.287661e+01 4.820329e-01 2.915097e-03

chunk line read: 1.811544e+02 8.194344e+01 6.617470e+00 5.088499e-03 2.582988e+01





chunk line read: 3.924403e-03 6.899752e-03 6.298465e+00 9.636068e+01 1.204787e-02



floats read: 10
3.835915e-03 9.119928e+02 3.097778e-03 3.313361e+01 7.619404e-03
6.642741e-01 1.029128e+01 1.287661e+01 4.820329e-01 2.915097e-03


floats read: 10
8.127293e+00 2.231672e+01 3.846160e-03 1.681731e-01 5.090333e+02
3.924403e-03 6.899752e-03 6.298465e+00 9.636068e+01 1.204787e-02


floats read: 10
3.267618e-02 1.643332e+01 3.252714e-01 5.411628e-01 4.373466e-03
1.811544e+02 8.194344e+01 6.617470e+00 5.088499e-03 2.582988e+01


thread 0: write offset: 0


thread 2: write offset: 20


thread 1: write offset: 10





thread: 0


thread: 1


thread: 2


subchunk: offset 0, size_lines 2


subchunk: offset 512, size_lines 2


subchunk: offset 1024, size_lines 2


chunk line read: 1.014477e-02 1.596934e-01 1.139246e-01 9.679427e+01 1.287466e-03

chunk line read: 4.744304e+00 1.451626e+01 9.884526e+00 4.869323e+00 1.155277e+01

chunk line read: 2.255975e+02 3.934291e+00 4.371512e+01 9.389749e+02 1.068752e+01

chunk line read: 2.909246e+02 4.630600e-02 3.884705e-03 8.270984e-02 1.247382e-01



chunk line read: 7.655255e-03 8.956400e+00 1.111476e-03 1.889590e-02 1.177082e-01



chunk line read: 4.302530e-01 6.956054e-02 6.436195e-02 1.294139e+00 4.064663e-01



floats read: 10
1.014477e-02 1.596934e-01 1.139246e-01 9.679427e+01 1.287466e-03
4.302530e-01 6.956054e-02 6.436195e-02 1.294139e+00 4.064663e-01


floats read: 10
2.255975e+02 3.934291e+00 4.371512e+01 9.389749e+02 1.068752e+01
7.655255e-03 8.956400e+00 1.111476e-03 1.889590e-02 1.177082e-01


floats read: 10
4.744304e+00 1.451626e+01 9.884526e+00 4.869323e+00 1.155277e+01
2.909246e+02 4.630600e-02 3.884705e-03 8.270984e-02 1.247382e-01


thread 2: write offset: 20


thread 1: write offset: 10


thread 0: write offset: 0





thread: 1


thread: 2


thread: 0


subchunk: offset 512, size_lines 2


subchunk: offset 1024, size_lines 2


subchunk: offset 0, size_lines 2


chunk line read: 2.680943e+00 2.205157e-03 1.676864e+02 5.230805e+00 1.951069e+01

chunk line read: 
chunk line read: 2.617648e+00 3.672331e+01 1.377019e+01 1.991189e-02 7.084127e-01

chunk line read: 1.684111e+01 1.982992e-03 4.083021e+02 1.623807e+01 1.892871e+01



chunk line read: 


chunk line read: 7.203352e+01 6.053259e+01 6.176124e-01 4.801809e-03 1.437850e+00



floats read: 10
2.680943e+00 2.205157e-03 1.676864e+02 5.230805e+00 1.951069e+01
1.684111e+01 1.982992e-03 4.083021e+02 1.623807e+01 1.892871e+01


floats read: 10
2.617648e+00 3.672331e+01 1.377019e+01 1.991189e-02 7.084127e-01
7.203352e+01 6.053259e+01 6.176124e-01 4.801809e-03 1.437850e+00


floats read: 0


thread 1: write offset: 10


thread 0: write offset: 0


thread 2: write offset: 20





total floats read: 80
3.835915e-03 9.119928e+02 3.097778e-03 3.313361e+01 7.619404e-03
6.642741e-01 1.029128e+01 1.287661e+01 4.820329e-01 2.915097e-03
3.267618e-02 1.643332e+01 3.252714e-01 5.411628e-01 4.373466e-03
1.811544e+02 8.194344e+01 6.617470e+00 5.088499e-03 2.582988e+01
8.127293e+00 2.231672e+01 3.846160e-03 1.681731e-01 5.090333e+02
3.924403e-03 6.899752e-03 6.298465e+00 9.636068e+01 1.204787e-02
1.014477e-02 1.596934e-01 1.139246e-01 9.679427e+01 1.287466e-03
4.302530e-01 6.956054e-02 6.436195e-02 1.294139e+00 4.064663e-01
2.255975e+02 3.934291e+00 4.371512e+01 9.389749e+02 1.068752e+01
7.655255e-03 8.956400e+00 1.111476e-03 1.889590e-02 1.177082e-01
4.744304e+00 1.451626e+01 9.884526e+00 4.869323e+00 1.155277e+01
2.909246e+02 4.630600e-02 3.884705e-03 8.270984e-02 1.247382e-01
2.617648e+00 3.672331e+01 1.377019e+01 1.991189e-02 7.084127e-01
7.203352e+01 6.053259e+01 6.176124e-01 4.801809e-03 1.437850e+00
2.680943e+00 2.205157e-03 1.676864e+02 5.230805e+00 1.951069e+01
1.684111e+01 1.982992e-03 4.083021e+02 1.623807e+01 1.892871e+01


read time: 0.009535 ms
parse time: 10.679412 ms
total time: 25.759918 ms
-------------------------
run test

thread: 0


thread: 2


thread: 1


subchunk: offset 0, size_lines 2


subchunk: offset 1024, size_lines 2


subchunk: offset 512, size_lines 2


chunk line read: 3.835915e-03 9.119928e+02 3.097778e-03 3.313361e+01 7.619404e-03

chunk line read: 8.127293e+00 2.231672e+01 3.846160e-03 1.681731e-01 5.090333e+02

main.out: parse.c:97: parsechunk: Assertion `cols == n_parsed_nums_in_line' failed.
main.out: parse.c:97: parsechunk: Assertion `cols == n_parsed_nums_in_line' failed.
-------------------------
run test

thread: 2


thread: 0


thread: 1


subchunk: offset 1024, size_lines 2


subchunk: offset 0, size_lines 2


subchunk: offset 512, size_lines 2


chunk line read: 3.835915e-03 9.119928e+02 3.097778e-03 3.313361e+01 7.619404e-03

chunk line read: 8.127293e+00 2.231672e+01 3.846160e-03 1.681731e-01 5.090333e+02

chunk line read: 3.267618e-02 1.643332e+01 3.252714e-01 5.411628e-01 4.373466e-03

chunk line read: 6.642741e-01 1.029128e+01 1.287661e+01 4.820329e-01 2.915097e-03



chunk line read: 1.811544e+02 8.194344e+01 6.617470e+00 5.088499e-03 2.582988e+01



chunk line read: 3.924403e-03 6.899752e-03 6.298465e+00 9.636068e+01 1.204787e-02



floats read: 10
3.267618e-02 1.643332e+01 3.252714e-01 5.411628e-01 4.373466e-03
1.811544e+02 8.194344e+01 6.617470e+00 5.088499e-03 2.582988e+01


floats read: 10
3.835915e-03 9.119928e+02 3.097778e-03 3.313361e+01 7.619404e-03
6.642741e-01 1.029128e+01 1.287661e+01 4.820329e-01 2.915097e-03


floats read: 10
8.127293e+00 2.231672e+01 3.846160e-03 1.681731e-01 5.090333e+02
3.924403e-03 6.899752e-03 6.298465e+00 9.636068e+01 1.204787e-02


thread 0: write offset: 0


thread 1: write offset: 10


thread 2: write offset: 20





thread: 0


thread: 2


thread: 1


subchunk: offset 0, size_lines 2


subchunk: offset 1024, size_lines 2


subchunk: offset 512, size_lines 2


chunk line read: 1.014477e-02 1.596934e-01 1.139246e-01 9.679427e+01 1.287466e-03

chunk line read: 4.744304e+00 1.451626e+01 9.884526e+00 4.869323e+00 1.155277e+01

chunk line read: 2.255975e+02 3.934291e+00 4.371512e+01 9.389749e+02 1.068752e+01

chunk line read: 4.302530e-01 6.956054e-02 6.436195e-02 1.294139e+00 4.064663e-01



chunk line read: 7.655255e-03 8.956400e+00 1.111476e-03 1.889590e-02 1.177082e-01



chunk line read: 2.909246e+02 4.630600e-02 3.884705e-03 8.270984e-02 1.247382e-01



floats read: 10
1.014477e-02 1.596934e-01 1.139246e-01 9.679427e+01 1.287466e-03
4.302530e-01 6.956054e-02 6.436195e-02 1.294139e+00 4.064663e-01


floats read: 10
4.744304e+00 1.451626e+01 9.884526e+00 4.869323e+00 1.155277e+01
2.909246e+02 4.630600e-02 3.884705e-03 8.270984e-02 1.247382e-01


floats read: 10
2.255975e+02 3.934291e+00 4.371512e+01 9.389749e+02 1.068752e+01
7.655255e-03 8.956400e+00 1.111476e-03 1.889590e-02 1.177082e-01


thread 1: write offset: 10


thread 0: write offset: 0


thread 2: write offset: 20





thread: 1


thread: 0


thread: 2


subchunk: offset 0, size_lines 2


subchunk: offset 512, size_lines 2


subchunk: offset 1024, size_lines 2


chunk line read: 2.680943e+00 2.205157e-03 1.676864e+02 5.230805e+00 1.951069e+01

chunk line read: 2.617648e+00 3.672331e+01 1.377019e+01 1.991189e-02 7.084127e-01

chunk line read: 
chunk line read: 7.203352e+01 6.053259e+01 6.176124e-01 4.801809e-03 1.437850e+00

chunk line read: 1.684111e+01 1.982992e-03 4.083021e+02 1.623807e+01 1.892871e+01





chunk line read: 


floats read: 10
2.617648e+00 3.672331e+01 1.377019e+01 1.991189e-02 7.084127e-01
7.203352e+01 6.053259e+01 6.176124e-01 4.801809e-03 1.437850e+00


floats read: 10
2.680943e+00 2.205157e-03 1.676864e+02 5.230805e+00 1.951069e+01
1.684111e+01 1.982992e-03 4.083021e+02 1.623807e+01 1.892871e+01


floats read: 0


thread 2: write offset: 20


thread 0: write offset: 0


thread 1: write offset: 10





total floats read: 80
3.835915e-03 9.119928e+02 3.097778e-03 3.313361e+01 7.619404e-03
6.642741e-01 1.029128e+01 1.287661e+01 4.820329e-01 2.915097e-03
3.267618e-02 1.643332e+01 3.252714e-01 5.411628e-01 4.373466e-03
1.811544e+02 8.194344e+01 6.617470e+00 5.088499e-03 2.582988e+01
8.127293e+00 2.231672e+01 3.846160e-03 1.681731e-01 5.090333e+02
3.924403e-03 6.899752e-03 6.298465e+00 9.636068e+01 1.204787e-02
1.014477e-02 1.596934e-01 1.139246e-01 9.679427e+01 1.287466e-03
4.302530e-01 6.956054e-02 6.436195e-02 1.294139e+00 4.064663e-01
2.255975e+02 3.934291e+00 4.371512e+01 9.389749e+02 1.068752e+01
7.655255e-03 8.956400e+00 1.111476e-03 1.889590e-02 1.177082e-01
4.744304e+00 1.451626e+01 9.884526e+00 4.869323e+00 1.155277e+01
2.909246e+02 4.630600e-02 3.884705e-03 8.270984e-02 1.247382e-01
2.617648e+00 3.672331e+01 1.377019e+01 1.991189e-02 7.084127e-01
7.203352e+01 6.053259e+01 6.176124e-01 4.801809e-03 1.437850e+00
2.680943e+00 2.205157e-03 1.676864e+02 5.230805e+00 1.951069e+01
1.684111e+01 1.982992e-03 4.083021e+02 1.623807e+01 1.892871e+01


read time: 0.008482 ms
parse time: 5.871107 ms
total time: 17.102101 ms
-------------------------
run test

thread: 0


thread: 2


thread: 1


subchunk: offset 0, size_lines 2


subchunk: offset 1024, size_lines 2


subchunk: offset 512, size_lines 2


chunk line read: 3.267618e-02 1.643332e+01 3.252714e-01 5.411628e-01 4.373466e-03

chunk line read: 3.835915e-03 9.119928e+02 3.097778e-03 3.313361e+01 7.619404e-03

chunk line read: 8.127293e+00 2.231672e+01 3.846160e-03 1.681731e-01 5.090333e+02

chunk line read: 3.924403e-03 6.899752e-03 6.298465e+00 9.636068e+01 1.204787e-02

chunk line read: 6.642741e-01 1.029128e+01 1.287661e+01 4.820329e-01 2.915097e-03



chunk line read: 1.811544e+02 8.194344e+01 6.617470e+00 5.088499e-03 2.582988e+01





floats read: 10
8.127293e+00 2.231672e+01 3.846160e-03 1.681731e-01 5.090333e+02
3.924403e-03 6.899752e-03 6.298465e+00 9.636068e+01 1.204787e-02


floats read: 10
3.835915e-03 9.119928e+02 3.097778e-03 3.313361e+01 7.619404e-03
6.642741e-01 1.029128e+01 1.287661e+01 4.820329e-01 2.915097e-03


floats read: 10
3.267618e-02 1.643332e+01 3.252714e-01 5.411628e-01 4.373466e-03
1.811544e+02 8.194344e+01 6.617470e+00 5.088499e-03 2.582988e+01


thread 0: write offset: 0


thread 2: write offset: 20


thread 1: write offset: 10





thread: 0


thread: 2


thread: 1


subchunk: offset 1024, size_lines 2


subchunk: offset 0, size_lines 2


subchunk: offset 512, size_lines 2


chunk line read: 1.014477e-02 1.596934e-01 1.139246e-01 9.679427e+01 1.287466e-03

chunk line read: 4.744304e+00 1.451626e+01 9.884526e+00 4.869323e+00 1.155277e+01

chunk line read: 2.255975e+02 3.934291e+00 4.371512e+01 9.389749e+02 1.068752e+01

chunk line read: 2.909246e+02 4.630600e-02 3.884705e-03 8.270984e-02 1.247382e-01



chunk line read: 7.655255e-03 8.956400e+00 1.111476e-03 1.889590e-02 1.177082e-01



chunk line read: 4.302530e-01 6.956054e-02 6.436195e-02 1.294139e+00 4.064663e-01



floats read: 10
1.014477e-02 1.596934e-01 1.139246e-01 9.679427e+01 1.287466e-03
4.302530e-01 6.956054e-02 6.436195e-02 1.294139e+00 4.064663e-01


floats read: 10
2.255975e+02 3.934291e+00 4.371512e+01 9.389749e+02 1.068752e+01
7.655255e-03 8.956400e+00 1.111476e-03 1.889590e-02 1.177082e-01


floats read: 10
4.744304e+00 1.451626e+01 9.884526e+00 4.869323e+00 1.155277e+01
2.909246e+02 4.630600e-02 3.884705e-03 8.270984e-02 1.247382e-01


thread 2: write offset: 20


thread 0: write offset: 0


thread 1: write offset: 10





thread: 0


thread: 2


thread: 1


subchunk: offset 1024, size_lines 2


subchunk: offset 512, size_lines 2


subchunk: offset 0, size_lines 2


chunk line read: 2.617648e+00 3.672331e+01 1.377019e+01 1.991189e-02 7.084127e-01

chunk line read: 
chunk line read: 2.680943e+00 2.205157e-03 1.676864e+02 5.230805e+00 1.951069e+01

chunk line read: 7.203352e+01 6.053259e+01 6.176124e-01 4.801809e-03 1.437850e+00



chunk line read: 


chunk line read: 1.684111e+01 1.982992e-03 4.083021e+02 1.623807e+01 1.892871e+01



floats read: 10
2.617648e+00 3.672331e+01 1.377019e+01 1.991189e-02 7.084127e-01
7.203352e+01 6.053259e+01 6.176124e-01 4.801809e-03 1.437850e+00


floats read: 0


floats read: 10
2.680943e+00 2.205157e-03 1.676864e+02 5.230805e+00 1.951069e+01
1.684111e+01 1.982992e-03 4.083021e+02 1.623807e+01 1.892871e+01


thread 1: write offset: 10


thread 0: write offset: 0


thread 2: write offset: 20





total floats read: 80
3.835915e-03 9.119928e+02 3.097778e-03 3.313361e+01 7.619404e-03
6.642741e-01 1.029128e+01 1.287661e+01 4.820329e-01 2.915097e-03
3.267618e-02 1.643332e+01 3.252714e-01 5.411628e-01 4.373466e-03
1.811544e+02 8.194344e+01 6.617470e+00 5.088499e-03 2.582988e+01
8.127293e+00 2.231672e+01 3.846160e-03 1.681731e-01 5.090333e+02
3.924403e-03 6.899752e-03 6.298465e+00 9.636068e+01 1.204787e-02
1.014477e-02 1.596934e-01 1.139246e-01 9.679427e+01 1.287466e-03
4.302530e-01 6.956054e-02 6.436195e-02 1.294139e+00 4.064663e-01
2.255975e+02 3.934291e+00 4.371512e+01 9.389749e+02 1.068752e+01
7.655255e-03 8.956400e+00 1.111476e-03 1.889590e-02 1.177082e-01
4.744304e+00 1.451626e+01 9.884526e+00 4.869323e+00 1.155277e+01
2.909246e+02 4.630600e-02 3.884705e-03 8.270984e-02 1.247382e-01
2.617648e+00 3.672331e+01 1.377019e+01 1.991189e-02 7.084127e-01
7.203352e+01 6.053259e+01 6.176124e-01 4.801809e-03 1.437850e+00
2.680943e+00 2.205157e-03 1.676864e+02 5.230805e+00 1.951069e+01
1.684111e+01 1.982992e-03 4.083021e+02 1.623807e+01 1.892871e+01


read time: 0.011482 ms
parse time: 26.104627 ms
total time: 26.196450 ms
-------------------------
run test

thread: 0


thread: 2


thread: 1


subchunk: offset 0, size_lines 2


subchunk: offset 1024, size_lines 2


subchunk: offset 512, size_lines 2


chunk line read: 3.835915e-03 9.119928e+02 3.097778e-03 3.313361e+01 7.619404e-03

chunk line read: 3.267618e-02 1.643332e+01 3.252714e-01 5.411628e-01 4.373466e-03

chunk line read: 8.127293e+00 2.231672e+01 3.846160e-03 1.681731e-01 5.090333e+02

chunk line read: 6.642741e-01 1.029128e+01 1.287661e+01 4.820329e-01 2.915097e-03

chunk line read: 3.924403e-03 6.899752e-03 6.298465e+00 9.636068e+01 1.204787e-02



chunk line read: 1.811544e+02 8.194344e+01 6.617470e+00 5.088499e-03 2.582988e+01





floats read: 10
3.267618e-02 1.643332e+01 3.252714e-01 5.411628e-01 4.373466e-03
1.811544e+02 8.194344e+01 6.617470e+00 5.088499e-03 2.582988e+01


floats read: 10
8.127293e+00 2.231672e+01 3.846160e-03 1.681731e-01 5.090333e+02
3.924403e-03 6.899752e-03 6.298465e+00 9.636068e+01 1.204787e-02


floats read: 10
3.835915e-03 9.119928e+02 3.097778e-03 3.313361e+01 7.619404e-03
6.642741e-01 1.029128e+01 1.287661e+01 4.820329e-01 2.915097e-03


thread 2: write offset: 20


thread 1: write offset: 10


thread 0: write offset: 0





thread: 2


thread: 1


thread: 0


subchunk: offset 1024, size_lines 2


subchunk: offset 512, size_lines 2


subchunk: offset 0, size_lines 2


chunk line read: 4.744304e+00 1.451626e+01 9.884526e+00 4.869323e+00 1.155277e+01

chunk line read: 2.255975e+02 3.934291e+00 4.371512e+01 9.389749e+02 1.068752e+01

chunk line read: 1.014477e-02 1.596934e-01 1.139246e-01 9.679427e+01 1.287466e-03

chunk line read: 2.909246e+02 4.630600e-02 3.884705e-03 8.270984e-02 1.247382e-01

chunk line read: 7.655255e-03 8.956400e+00 1.111476e-03 1.889590e-02 1.177082e-01

chunk line read: 4.302530e-01 6.956054e-02 6.436195e-02 1.294139e+00 4.064663e-01







floats read: 10
1.014477e-02 1.596934e-01 1.139246e-01 9.679427e+01 1.287466e-03
4.302530e-01 6.956054e-02 6.436195e-02 1.294139e+00 4.064663e-01


floats read: 10
2.255975e+02 3.934291e+00 4.371512e+01 9.389749e+02 1.068752e+01
7.655255e-03 8.956400e+00 1.111476e-03 1.889590e-02 1.177082e-01


floats read: 10
4.744304e+00 1.451626e+01 9.884526e+00 4.869323e+00 1.155277e+01
2.909246e+02 4.630600e-02 3.884705e-03 8.270984e-02 1.247382e-01


thread 0: write offset: 0


thread 2: write offset: 20


thread 1: write offset: 10





thread: 1


thread: 0


thread: 2


subchunk: offset 512, size_lines 2


subchunk: offset 0, size_lines 2


subchunk: offset 1024, size_lines 2


chunk line read: 2.680943e+00 2.205157e-03 1.676864e+02 5.230805e+00 1.951069e+01

chunk line read: 2.617648e+00 3.672331e+01 1.377019e+01 1.991189e-02 7.084127e-01

chunk line read: 
chunk line read: 1.684111e+01 1.982992e-03 4.083021e+02 1.623807e+01 1.892871e+01



chunk line read: 


chunk line read: 7.203352e+01 6.053259e+01 6.176124e-01 4.801809e-03 1.437850e+00



floats read: 0


floats read: 10
2.680943e+00 2.205157e-03 1.676864e+02 5.230805e+00 1.951069e+01
1.684111e+01 1.982992e-03 4.083021e+02 1.623807e+01 1.892871e+01


floats read: 10
2.617648e+00 3.672331e+01 1.377019e+01 1.991189e-02 7.084127e-01
7.203352e+01 6.053259e+01 6.176124e-01 4.801809e-03 1.437850e+00


thread 1: write offset: 10


thread 2: write offset: 20


thread 0: write offset: 0





total floats read: 80
3.835915e-03 9.119928e+02 3.097778e-03 3.313361e+01 7.619404e-03
6.642741e-01 1.029128e+01 1.287661e+01 4.820329e-01 2.915097e-03
3.267618e-02 1.643332e+01 3.252714e-01 5.411628e-01 4.373466e-03
1.811544e+02 8.194344e+01 6.617470e+00 5.088499e-03 2.582988e+01
8.127293e+00 2.231672e+01 3.846160e-03 1.681731e-01 5.090333e+02
3.924403e-03 6.899752e-03 6.298465e+00 9.636068e+01 1.204787e-02
1.014477e-02 1.596934e-01 1.139246e-01 9.679427e+01 1.287466e-03
4.302530e-01 6.956054e-02 6.436195e-02 1.294139e+00 4.064663e-01
2.255975e+02 3.934291e+00 4.371512e+01 9.389749e+02 1.068752e+01
7.655255e-03 8.956400e+00 1.111476e-03 1.889590e-02 1.177082e-01
4.744304e+00 1.451626e+01 9.884526e+00 4.869323e+00 1.155277e+01
2.909246e+02 4.630600e-02 3.884705e-03 8.270984e-02 1.247382e-01
2.617648e+00 3.672331e+01 1.377019e+01 1.991189e-02 7.084127e-01
7.203352e+01 6.053259e+01 6.176124e-01 4.801809e-03 1.437850e+00
2.680943e+00 2.205157e-03 1.676864e+02 5.230805e+00 1.951069e+01
1.684111e+01 1.982992e-03 4.083021e+02 1.623807e+01 1.892871e+01


read time: 0.013507 ms
parse time: 1.888666 ms
total time: 13.130817 ms
-------------------------
run test

thread: 0


thread: 2


thread: 1


subchunk: offset 0, size_lines 2


subchunk: offset 1024, size_lines 2


subchunk: offset 512, size_lines 2


chunk line read: 3.835915e-03 9.119928e+02 3.097778e-03 3.313361e+01 7.619404e-03

chunk line read: 3.267618e-02 1.643332e+01 3.252714e-01 5.411628e-01 4.373466e-03

chunk line read: 8.127293e+00 2.231672e+01 3.846160e-03 1.681731e-01 5.090333e+02

chunk line read: 1.811544e+02 8.194344e+01 6.617470e+00 5.088499e-03 2.582988e+01



chunk line read: 6.642741e-01 1.029128e+01 1.287661e+01 4.820329e-01 2.915097e-03



chunk line read: 3.924403e-03 6.899752e-03 6.298465e+00 9.636068e+01 1.204787e-02



floats read: 10
3.267618e-02 1.643332e+01 3.252714e-01 5.411628e-01 4.373466e-03
1.811544e+02 8.194344e+01 6.617470e+00 5.088499e-03 2.582988e+01


floats read: 10
3.835915e-03 9.119928e+02 3.097778e-03 3.313361e+01 7.619404e-03
6.642741e-01 1.029128e+01 1.287661e+01 4.820329e-01 2.915097e-03


floats read: 10
8.127293e+00 2.231672e+01 3.846160e-03 1.681731e-01 5.090333e+02
3.924403e-03 6.899752e-03 6.298465e+00 9.636068e+01 1.204787e-02


thread 0: write offset: 0


thread 1: write offset: 10


thread 2: write offset: 20





thread: 0


thread: 1


thread: 2


subchunk: offset 512, size_lines 2


subchunk: offset 1024, size_lines 2


subchunk: offset 0, size_lines 2


chunk line read: 1.014477e-02 1.596934e-01 1.139246e-01 9.679427e+01 1.287466e-03

chunk line read: 2.255975e+02 3.934291e+00 4.371512e+01 9.389749e+02 1.068752e+01

chunk line read: 4.744304e+00 1.451626e+01 9.884526e+00 4.869323e+00 1.155277e+01

chunk line read: 7.655255e-03 8.956400e+00 1.111476e-03 1.889590e-02 1.177082e-01

chunk line read: 2.909246e+02 4.630600e-02 3.884705e-03 8.270984e-02 1.247382e-01

chunk line read: 4.302530e-01 6.956054e-02 6.436195e-02 1.294139e+00 4.064663e-01







floats read: 10
1.014477e-02 1.596934e-01 1.139246e-01 9.679427e+01 1.287466e-03
4.302530e-01 6.956054e-02 6.436195e-02 1.294139e+00 4.064663e-01


floats read: 10
4.744304e+00 1.451626e+01 9.884526e+00 4.869323e+00 1.155277e+01
2.909246e+02 4.630600e-02 3.884705e-03 8.270984e-02 1.247382e-01


floats read: 10
2.255975e+02 3.934291e+00 4.371512e+01 9.389749e+02 1.068752e+01
7.655255e-03 8.956400e+00 1.111476e-03 1.889590e-02 1.177082e-01


thread 0: write offset: 0


thread 2: write offset: 20


thread 1: write offset: 10





thread: 1


thread: 2


thread: 0


subchunk: offset 0, size_lines 2


subchunk: offset 512, size_lines 2


subchunk: offset 1024, size_lines 2


chunk line read: 2.617648e+00 3.672331e+01 1.377019e+01 1.991189e-02 7.084127e-01

chunk line read: 
chunk line read: 2.680943e+00 2.205157e-03 1.676864e+02 5.230805e+00 1.951069e+01

chunk line read: 1.684111e+01 1.982992e-03 4.083021e+02 1.623807e+01 1.892871e+01

chunk line read: 7.203352e+01 6.053259e+01 6.176124e-01 4.801809e-03 1.437850e+00



chunk line read: 




floats read: 0


floats read: 10
2.617648e+00 3.672331e+01 1.377019e+01 1.991189e-02 7.084127e-01
7.203352e+01 6.053259e+01 6.176124e-01 4.801809e-03 1.437850e+00


floats read: 10
2.680943e+00 2.205157e-03 1.676864e+02 5.230805e+00 1.951069e+01
1.684111e+01 1.982992e-03 4.083021e+02 1.623807e+01 1.892871e+01


thread 1: write offset: 10


thread 2: write offset: 20


thread 0: write offset: 0





total floats read: 80
3.835915e-03 9.119928e+02 3.097778e-03 3.313361e+01 7.619404e-03
6.642741e-01 1.029128e+01 1.287661e+01 4.820329e-01 2.915097e-03
3.267618e-02 1.643332e+01 3.252714e-01 5.411628e-01 4.373466e-03
1.811544e+02 8.194344e+01 6.617470e+00 5.088499e-03 2.582988e+01
8.127293e+00 2.231672e+01 3.846160e-03 1.681731e-01 5.090333e+02
3.924403e-03 6.899752e-03 6.298465e+00 9.636068e+01 1.204787e-02
1.014477e-02 1.596934e-01 1.139246e-01 9.679427e+01 1.287466e-03
4.302530e-01 6.956054e-02 6.436195e-02 1.294139e+00 4.064663e-01
2.255975e+02 3.934291e+00 4.371512e+01 9.389749e+02 1.068752e+01
7.655255e-03 8.956400e+00 1.111476e-03 1.889590e-02 1.177082e-01
4.744304e+00 1.451626e+01 9.884526e+00 4.869323e+00 1.155277e+01
2.909246e+02 4.630600e-02 3.884705e-03 8.270984e-02 1.247382e-01
2.617648e+00 3.672331e+01 1.377019e+01 1.991189e-02 7.084127e-01
7.203352e+01 6.053259e+01 6.176124e-01 4.801809e-03 1.437850e+00
2.680943e+00 2.205157e-03 1.676864e+02 5.230805e+00 1.951069e+01
1.684111e+01 1.982992e-03 4.083021e+02 1.623807e+01 1.892871e+01


read time: 0.014206 ms
parse time: 29.548205 ms
total time: 33.135661 ms
-------------------------
run test

thread: 2


thread: 1


thread: 0


subchunk: offset 0, size_lines 2


subchunk: offset 1024, size_lines 2


subchunk: offset 512, size_lines 2


chunk line read: 3.835915e-03 9.119928e+02 3.097778e-03 3.313361e+01 7.619404e-03

chunk line read: 8.127293e+00 2.231672e+01 3.846160e-03 1.681731e-01 5.090333e+02

chunk line read: 3.267618e-02 1.643332e+01 3.252714e-01 5.411628e-01 4.373466e-03

chunk line read: 3.924403e-03 6.899752e-03 6.298465e+00 9.636068e+01 1.204787e-02

chunk line read: 1.811544e+02 8.194344e+01 6.617470e+00 5.088499e-03 2.582988e+01





chunk line read: 6.642741e-01 1.029128e+01 1.287661e+01 4.820329e-01 2.915097e-03



floats read: 10
8.127293e+00 2.231672e+01 3.846160e-03 1.681731e-01 5.090333e+02
3.924403e-03 6.899752e-03 6.298465e+00 9.636068e+01 1.204787e-02


floats read: 10
3.835915e-03 9.119928e+02 3.097778e-03 3.313361e+01 7.619404e-03
6.642741e-01 1.029128e+01 1.287661e+01 4.820329e-01 2.915097e-03


floats read: 10
3.267618e-02 1.643332e+01 3.252714e-01 5.411628e-01 4.373466e-03
1.811544e+02 8.194344e+01 6.617470e+00 5.088499e-03 2.582988e+01


thread 0: write offset: 0


thread 2: write offset: 20


thread 1: write offset: 10





thread: 2


thread: 0


thread: 1


subchunk: offset 512, size_lines 2


subchunk: offset 1024, size_lines 2


subchunk: offset 0, size_lines 2


chunk line read: 2.255975e+02 3.934291e+00 4.371512e+01 9.389749e+02 1.068752e+01

chunk line read: 4.744304e+00 1.451626e+01 9.884526e+00 4.869323e+00 1.155277e+01

chunk line read: 1.014477e-02 1.596934e-01 1.139246e-01 9.679427e+01 1.287466e-03

chunk line read: 7.655255e-03 8.956400e+00 1.111476e-03 1.889590e-02 1.177082e-01

chunk line read: 2.909246e+02 4.630600e-02 3.884705e-03 8.270984e-02 1.247382e-01

chunk line read: 4.302530e-01 6.956054e-02 6.436195e-02 1.294139e+00 4.064663e-01







floats read: 10
4.744304e+00 1.451626e+01 9.884526e+00 4.869323e+00 1.155277e+01
2.909246e+02 4.630600e-02 3.884705e-03 8.270984e-02 1.247382e-01


floats read: 10
1.014477e-02 1.596934e-01 1.139246e-01 9.679427e+01 1.287466e-03
4.302530e-01 6.956054e-02 6.436195e-02 1.294139e+00 4.064663e-01


floats read: 10
2.255975e+02 3.934291e+00 4.371512e+01 9.389749e+02 1.068752e+01
7.655255e-03 8.956400e+00 1.111476e-03 1.889590e-02 1.177082e-01


thread 0: write offset: 0


thread 1: write offset: 10


thread 2: write offset: 20





thread: 1


thread: 2


thread: 0


subchunk: offset 512, size_lines 2


subchunk: offset 1024, size_lines 2


subchunk: offset 0, size_lines 2


chunk line read: 2.680943e+00 2.205157e-03 1.676864e+02 5.230805e+00 1.951069e+01

chunk line read: 
main.out: parse.c:97: parsechunk: Assertion `cols == n_parsed_nums_in_line' failed.
chunk line read: 2.617648e+00 3.672331e+01 1.377019e+01 1.991189e-02 7.084127e-01

-------------------------
run test

thread: 0


thread: 1


thread: 2


subchunk: offset 512, size_lines 2


subchunk: offset 1024, size_lines 2


subchunk: offset 0, size_lines 2


chunk line read: 3.835915e-03 9.119928e+02 3.097778e-03 3.313361e+01 7.619404e-03

chunk line read: 3.267618e-02 1.643332e+01 3.252714e-01 5.411628e-01 4.373466e-03

main.out: parse.c:97: parsechunk: Assertion `cols == n_parsed_nums_in_line' failed.
-------------------------
run test

thread: 2


thread: 1


thread: 0


subchunk: offset 1024, size_lines 2


subchunk: offset 512, size_lines 2


subchunk: offset 0, size_lines 2


chunk line read: 3.835915e-03 9.119928e+02 3.097778e-03 3.313361e+01 7.619404e-03

chunk line read: 8.127293e+00 2.231672e+01 3.846160e-03 1.681731e-01 5.090333e+02

chunk line read: 3.267618e-02 1.643332e+01 3.252714e-01 5.411628e-01 4.373466e-03

chunk line read: 6.642741e-01 1.029128e+01 1.287661e+01 4.820329e-01 2.915097e-03



chunk line read: 3.924403e-03 6.899752e-03 6.298465e+00 9.636068e+01 1.204787e-02



chunk line read: 1.811544e+02 8.194344e+01 6.617470e+00 5.088499e-03 2.582988e+01



floats read: 10
3.835915e-03 9.119928e+02 3.097778e-03 3.313361e+01 7.619404e-03
6.642741e-01 1.029128e+01 1.287661e+01 4.820329e-01 2.915097e-03


floats read: 10
3.267618e-02 1.643332e+01 3.252714e-01 5.411628e-01 4.373466e-03
1.811544e+02 8.194344e+01 6.617470e+00 5.088499e-03 2.582988e+01


floats read: 10
8.127293e+00 2.231672e+01 3.846160e-03 1.681731e-01 5.090333e+02
3.924403e-03 6.899752e-03 6.298465e+00 9.636068e+01 1.204787e-02


thread 0: write offset: 0


thread 1: write offset: 10


thread 2: write offset: 20





thread: 2


thread: 1


thread: 0


subchunk: offset 1024, size_lines 2


subchunk: offset 512, size_lines 2


subchunk: offset 0, size_lines 2


chunk line read: 4.744304e+00 1.451626e+01 9.884526e+00 4.869323e+00 1.155277e+01

chunk line read: 2.255975e+02 3.934291e+00 4.371512e+01 9.389749e+02 1.068752e+01

chunk line read: 1.014477e-02 1.596934e-01 1.139246e-01 9.679427e+01 1.287466e-03

chunk line read: 7.655255e-03 8.956400e+00 1.111476e-03 1.889590e-02 1.177082e-01

chunk line read: 2.909246e+02 4.630600e-02 3.884705e-03 8.270984e-02 1.247382e-01

chunk line read: 4.302530e-01 6.956054e-02 6.436195e-02 1.294139e+00 4.064663e-01







floats read: 10
1.014477e-02 1.596934e-01 1.139246e-01 9.679427e+01 1.287466e-03
4.302530e-01 6.956054e-02 6.436195e-02 1.294139e+00 4.064663e-01


floats read: 10
4.744304e+00 1.451626e+01 9.884526e+00 4.869323e+00 1.155277e+01
2.909246e+02 4.630600e-02 3.884705e-03 8.270984e-02 1.247382e-01


floats read: 10
2.255975e+02 3.934291e+00 4.371512e+01 9.389749e+02 1.068752e+01
7.655255e-03 8.956400e+00 1.111476e-03 1.889590e-02 1.177082e-01


thread 0: write offset: 0


thread 1: write offset: 10


thread 2: write offset: 20





thread: 2


thread: 0


thread: 1


subchunk: offset 0, size_lines 2


subchunk: offset 1024, size_lines 2


subchunk: offset 512, size_lines 2


chunk line read: 2.680943e+00 2.205157e-03 1.676864e+02 5.230805e+00 1.951069e+01

chunk line read: 2.617648e+00 3.672331e+01 1.377019e+01 1.991189e-02 7.084127e-01

chunk line read: 
chunk line read: 1.684111e+01 1.982992e-03 4.083021e+02 1.623807e+01 1.892871e+01

chunk line read: 7.203352e+01 6.053259e+01 6.176124e-01 4.801809e-03 1.437850e+00



chunk line read: 




floats read: 10
2.617648e+00 3.672331e+01 1.377019e+01 1.991189e-02 7.084127e-01
7.203352e+01 6.053259e+01 6.176124e-01 4.801809e-03 1.437850e+00


floats read: 10
2.680943e+00 2.205157e-03 1.676864e+02 5.230805e+00 1.951069e+01
1.684111e+01 1.982992e-03 4.083021e+02 1.623807e+01 1.892871e+01


floats read: 0


thread 2: write offset: 20


thread 0: write offset: 0


thread 1: write offset: 10





total floats read: 80
3.835915e-03 9.119928e+02 3.097778e-03 3.313361e+01 7.619404e-03
6.642741e-01 1.029128e+01 1.287661e+01 4.820329e-01 2.915097e-03
3.267618e-02 1.643332e+01 3.252714e-01 5.411628e-01 4.373466e-03
1.811544e+02 8.194344e+01 6.617470e+00 5.088499e-03 2.582988e+01
8.127293e+00 2.231672e+01 3.846160e-03 1.681731e-01 5.090333e+02
3.924403e-03 6.899752e-03 6.298465e+00 9.636068e+01 1.204787e-02
1.014477e-02 1.596934e-01 1.139246e-01 9.679427e+01 1.287466e-03
4.302530e-01 6.956054e-02 6.436195e-02 1.294139e+00 4.064663e-01
2.255975e+02 3.934291e+00 4.371512e+01 9.389749e+02 1.068752e+01
7.655255e-03 8.956400e+00 1.111476e-03 1.889590e-02 1.177082e-01
4.744304e+00 1.451626e+01 9.884526e+00 4.869323e+00 1.155277e+01
2.909246e+02 4.630600e-02 3.884705e-03 8.270984e-02 1.247382e-01
2.617648e+00 3.672331e+01 1.377019e+01 1.991189e-02 7.084127e-01
7.203352e+01 6.053259e+01 6.176124e-01 4.801809e-03 1.437850e+00
2.680943e+00 2.205157e-03 1.676864e+02 5.230805e+00 1.951069e+01
1.684111e+01 1.982992e-03 4.083021e+02 1.623807e+01 1.892871e+01


read time: 0.018445 ms
parse time: 15.802913 ms
total time: 26.340122 ms
-------------------------
run test

thread: 0


thread: 1


thread: 2


subchunk: offset 0, size_lines 2


subchunk: offset 512, size_lines 2


subchunk: offset 1024, size_lines 2


chunk line read: 3.835915e-03 9.119928e+02 3.097778e-03 3.313361e+01 7.619404e-03

chunk line read: 3.267618e-02 1.643332e+01 3.252714e-01 5.411628e-01 4.373466e-03

chunk line read: 8.127293e+00 2.231672e+01 3.846160e-03 1.681731e-01 5.090333e+02

chunk line read: 6.642741e-01 1.029128e+01 1.287661e+01 4.820329e-01 2.915097e-03



chunk line read: 1.811544e+02 8.194344e+01 6.617470e+00 5.088499e-03 2.582988e+01



chunk line read: 3.924403e-03 6.899752e-03 6.298465e+00 9.636068e+01 1.204787e-02



floats read: 10
3.835915e-03 9.119928e+02 3.097778e-03 3.313361e+01 7.619404e-03
6.642741e-01 1.029128e+01 1.287661e+01 4.820329e-01 2.915097e-03


floats read: 10
3.267618e-02 1.643332e+01 3.252714e-01 5.411628e-01 4.373466e-03
1.811544e+02 8.194344e+01 6.617470e+00 5.088499e-03 2.582988e+01


floats read: 10
8.127293e+00 2.231672e+01 3.846160e-03 1.681731e-01 5.090333e+02
3.924403e-03 6.899752e-03 6.298465e+00 9.636068e+01 1.204787e-02


thread 0: write offset: 0


thread 1: write offset: 10


thread 2: write offset: 20





thread: 1


thread: 0


thread: 2


subchunk: offset 512, size_lines 2


subchunk: offset 1024, size_lines 2


subchunk: offset 0, size_lines 2


chunk line read: 4.744304e+00 1.451626e+01 9.884526e+00 4.869323e+00 1.155277e+01

chunk line read: 1.014477e-02 1.596934e-01 1.139246e-01 9.679427e+01 1.287466e-03

chunk line read: 2.255975e+02 3.934291e+00 4.371512e+01 9.389749e+02 1.068752e+01

chunk line read: 2.909246e+02 4.630600e-02 3.884705e-03 8.270984e-02 1.247382e-01



chunk line read: 4.302530e-01 6.956054e-02 6.436195e-02 1.294139e+00 4.064663e-01



chunk line read: 7.655255e-03 8.956400e+00 1.111476e-03 1.889590e-02 1.177082e-01



floats read: 10
4.744304e+00 1.451626e+01 9.884526e+00 4.869323e+00 1.155277e+01
2.909246e+02 4.630600e-02 3.884705e-03 8.270984e-02 1.247382e-01


floats read: 10
1.014477e-02 1.596934e-01 1.139246e-01 9.679427e+01 1.287466e-03
4.302530e-01 6.956054e-02 6.436195e-02 1.294139e+00 4.064663e-01


floats read: 10
2.255975e+02 3.934291e+00 4.371512e+01 9.389749e+02 1.068752e+01
7.655255e-03 8.956400e+00 1.111476e-03 1.889590e-02 1.177082e-01


thread 2: write offset: 20


thread 0: write offset: 0


thread 1: write offset: 10





thread: 0


thread: 1


thread: 2


subchunk: offset 0, size_lines 2


subchunk: offset 512, size_lines 2


subchunk: offset 1024, size_lines 2


chunk line read: 2.617648e+00 3.672331e+01 1.377019e+01 1.991189e-02 7.084127e-01

chunk line read: 
chunk line read: 2.680943e+00 2.205157e-03 1.676864e+02 5.230805e+00 1.951069e+01

chunk line read: 1.684111e+01 1.982992e-03 4.083021e+02 1.623807e+01 1.892871e+01



chunk line read: 7.203352e+01 6.053259e+01 6.176124e-01 4.801809e-03 1.437850e+00



chunk line read: 


floats read: 10
2.680943e+00 2.205157e-03 1.676864e+02 5.230805e+00 1.951069e+01
1.684111e+01 1.982992e-03 4.083021e+02 1.623807e+01 1.892871e+01


floats read: 0


floats read: 10
2.617648e+00 3.672331e+01 1.377019e+01 1.991189e-02 7.084127e-01
7.203352e+01 6.053259e+01 6.176124e-01 4.801809e-03 1.437850e+00


thread 1: write offset: 10


thread 2: write offset: 20


thread 0: write offset: 0





total floats read: 80
3.835915e-03 9.119928e+02 3.097778e-03 3.313361e+01 7.619404e-03
6.642741e-01 1.029128e+01 1.287661e+01 4.820329e-01 2.915097e-03
3.267618e-02 1.643332e+01 3.252714e-01 5.411628e-01 4.373466e-03
1.811544e+02 8.194344e+01 6.617470e+00 5.088499e-03 2.582988e+01
8.127293e+00 2.231672e+01 3.846160e-03 1.681731e-01 5.090333e+02
3.924403e-03 6.899752e-03 6.298465e+00 9.636068e+01 1.204787e-02
1.014477e-02 1.596934e-01 1.139246e-01 9.679427e+01 1.287466e-03
4.302530e-01 6.956054e-02 6.436195e-02 1.294139e+00 4.064663e-01
2.255975e+02 3.934291e+00 4.371512e+01 9.389749e+02 1.068752e+01
7.655255e-03 8.956400e+00 1.111476e-03 1.889590e-02 1.177082e-01
4.744304e+00 1.451626e+01 9.884526e+00 4.869323e+00 1.155277e+01
2.909246e+02 4.630600e-02 3.884705e-03 8.270984e-02 1.247382e-01
2.617648e+00 3.672331e+01 1.377019e+01 1.991189e-02 7.084127e-01
7.203352e+01 6.053259e+01 6.176124e-01 4.801809e-03 1.437850e+00
2.680943e+00 2.205157e-03 1.676864e+02 5.230805e+00 1.951069e+01
1.684111e+01 1.982992e-03 4.083021e+02 1.623807e+01 1.892871e+01


read time: 0.033644 ms
parse time: 9.529382 ms
total time: 19.430491 ms
-------------------------
run test

thread: 2


thread: 1


thread: 0


subchunk: offset 1024, size_lines 2


subchunk: offset 512, size_lines 2


subchunk: offset 0, size_lines 2


chunk line read: 3.835915e-03 9.119928e+02 3.097778e-03 3.313361e+01 7.619404e-03

chunk line read: 3.267618e-02 1.643332e+01 3.252714e-01 5.411628e-01 4.373466e-03

chunk line read: 8.127293e+00 2.231672e+01 3.846160e-03 1.681731e-01 5.090333e+02

chunk line read: 6.642741e-01 1.029128e+01 1.287661e+01 4.820329e-01 2.915097e-03

